5.089199932002032023e-01
4.199239976473262415e-01
3.827186814525845859e-01
2.558976815825159123e-01
5.650333206782353068e-01
9.892181572002946011e-01
6.519437472278679646e-01
7.123285481266287134e-01
4.083255643727095041e-01
4.760004561914238375e-01
7.519766987129475888e-01
2.705120619264358428e-01
3.976517720740929684e-01
1.526195653070814284e-01
8.412289377709214477e-01
7.235702955859825147e-01
5.645772469121054238e-01
6.656271470583992045e-01
9.685767681246317817e-01
1.222886348262175460e-01
4.908873956079550238e-01
1.772884774192643453e-01
3.764073137657315549e-01
5.424651033375081921e-01
1.802065026156948191e-01
5.935211058741790557e-01
1.866567726424059881e-01
6.155154184083676538e-01
9.770969144042441767e-01
2.967451278605447440e-01
2.464379834737245867e-01
8.102761193824694619e-01
7.957890540273122593e-01
7.977174173130118229e-01
4.257490894326059205e-01
1.712051570723849281e-03
1.289598032960150853e-01
1.436736380097745069e-01
7.957702791440061096e-01
5.458834884750320970e-01
6.125908967999342813e-01
6.107185409447301039e-01
3.413473571988752120e-01
5.801978423637363935e-01
3.959811733706829484e-01
7.993199424493161453e-01
4.714020028342275070e-01
6.676514143941100210e-01
7.565704631383372014e-01
9.931904969954846729e-01
2.441873758332339106e-01
9.960092946846011985e-01
6.359126710001399285e-01
3.188913970582606394e-01
7.178075472175549088e-01
9.846187365913914302e-01
7.423130627018640348e-01
8.059580176385178207e-01
7.049469374793948528e-02
3.828279718215230609e-01
3.551217452338414349e-01
3.345446443991140217e-02
5.719437454641399521e-01
7.676764717220274648e-02
5.985252528349154222e-01
6.203392256276842875e-01
8.025706906559609832e-01
3.818855647810848186e-01
9.347288588923479136e-01
9.086601941829197671e-02
6.719256780101799942e-01
5.479642090673151333e-01
9.590134229956186473e-01
5.331144170533658189e-01
4.292015891553083717e-01
3.431626610634351815e-01
6.603427200136086084e-01
3.636409207461179793e-01
4.934113088021643279e-01
5.358424470306832887e-01
8.902969954580216561e-01
5.616998263352013243e-01
9.461030192037560571e-01
4.713985237186519850e-01
7.026417105588300682e-01
4.869970636184667301e-01
8.721737395300634965e-01
5.583860388338737213e-01
9.323794830319701576e-01
5.560511631113834730e-01
9.265190853723697106e-01
4.953486852191364420e-01
9.292636646859393501e-01
7.999942272523766773e-01
8.964358070410779478e-01
2.916815167695474553e-01
7.592771328543100884e-01
1.507063682253898529e-01
5.734402990537581513e-01
6.416188057668285039e-01
