9.560317685434512880e-01
2.805984039987718948e-02
5.274711432191958593e-01
9.651578684322961177e-01
1.956392291246138448e-01
2.817693978567983315e-01
9.332822231142675617e-01
8.410400376023363656e-02
2.689477921253285997e-01
6.974551891048733632e-01
8.225827685355856511e-01
2.374301994813788896e-01
3.354799059805388950e-01
1.525412505667046448e-01
4.958135235670683150e-01
9.767486011013543079e-01
9.803091875322016424e-01
1.106047265299296978e-01
9.757771095726385235e-01
6.636073438829607207e-01
4.637292767739885635e-01
9.876315016261314472e-01
6.822958891249130131e-01
5.889650361681730839e-01
2.649759030306294560e-01
2.973486700806904359e-01
3.091960630825469902e-01
1.467635249433174582e-02
2.197147646592003678e-01
8.298755898101368711e-01
2.011039041862563437e-01
5.986555933476214175e-01
3.257662273258072894e-01
9.356796425872679901e-01
1.110310224983788174e-01
3.093424163610336564e-01
3.486527032474013854e-01
6.957001189443730027e-01
5.895451634232212745e-01
5.539330581898482819e-02
1.110246674035808567e-01
1.623998108898524473e-01
2.620714470976848176e-01
7.125093672932236721e-02
3.297516084416798332e-01
7.960525775779756508e-01
1.969103151343600810e-01
1.170320274888181356e-02
9.795125444028734973e-01
8.017542776475861110e-01
9.458361176323311081e-01
9.368845642533324414e-01
3.516111938030364037e-03
3.787372217036417688e-01
5.883088733593422326e-01
1.838448442834683672e-01
1.948336583158681856e-01
8.992913941079659912e-01
1.772761013513023398e-01
4.244884683114069635e-01
3.723798215690992119e-01
6.322392601215818253e-01
6.746865636355796614e-01
7.896131555852072825e-01
1.601454131027142402e-01
9.478200546183724873e-01
5.853671883847959556e-01
5.378735326074988166e-01
6.258670840837216032e-01
6.410496418600836188e-01
8.302359248236027556e-01
2.361017813795359688e-01
4.278917951974460232e-01
7.233138377997235802e-01
4.147960005649117265e-01
5.074910896803130900e-01
7.199676651560421581e-01
3.270025633084392425e-01
6.946670694753711572e-01
3.184950283442313790e-01
5.281338329112452712e-01
3.218244319217802296e-01
2.379851995657843444e-01
9.261039303618900931e-02
5.016667113553041624e-02
2.569944263935448614e-01
4.358035186532860372e-01
1.034585703668879919e-01
3.274831748044343405e-01
4.857846646280714609e-01
1.442057877232417740e-01
6.413203473171514846e-01
1.990248528264670913e-01
1.924903004703540921e-01
5.725854195639062949e-01
7.936145974267220238e-01
7.886636214370829068e-01
3.131989599796485280e-01
4.988933690209454985e-01
6.016693395999906935e-01
